   Avg_Temp  Brooklyn_B  Total_Crossings
0     72.05      1704.0            11497
1     51.95       827.0             6922
2     36.95       526.0             4759
3     38.60       521.0             4335
4     34.10      1416.0             9471
print(bike)
     Avg_Temp  Brooklyn_B  Total_Crossings
0       72.05      1704.0            11497
1       51.95       827.0             6922
2       36.95       526.0             4759
3       38.60       521.0             4335
4       34.10      1416.0             9471
..        ...         ...              ...
205     53.50      1997.0            13005
206     54.50      3343.0            19914
207     52.95      2486.0            15631
208     51.95      2375.0            14954
209     56.00      3199.0            17432